[0] [1] [2]
[3] [4] [5]
    [6]
[7] [8] [9]
Assumes 1 meter headon distance with blue camera
todo: get specs

[
    [
        [-0.309375, -0.5675925925925926]
        [-0.246875, -0.5675925925925926]
        [-0.246875, -0.4342592592592593]
        [-0.309375, -0.4342592592592593]
    ]
    [
        [-0.17083333333333334, -0.5194444444444444]
        [0.12395833333333334, -0.5194444444444444]
        [0.12395833333333334, -0.39537037037037037]
        [-0.17083333333333334, -0.39537037037037037]
    ]
    [
        [0.221875, -0.5675925925925926]
        [0.284375, -0.5675925925925926]
        [0.284375, -0.4342592592592593]
        [0.221875, -0.4342592592592593]
    ]
    [
        [-0.39895833333333336, -0.3435185185185185]
        [-0.33541666666666664, -0.3435185185185185]
        [-0.33541666666666664, -0.16388888888888886]
        [-0.39895833333333336, -0.16388888888888886]
    ]
    [
        [-0.19895833333333335, -0.3212962962962963]
        [0.16666666666666666, -0.3212962962962963]
        [0.16666666666666666, -0.14537037037037037]
        [-0.19895833333333335, -0.14537037037037037]
    ]
    [
        [0.3104166666666667, -0.3435185185185185]
        [0.37395833333333334, -0.3435185185185185]
        [0.37395833333333334, -0.16388888888888886]
        [0.3104166666666667, -0.16388888888888886]
    ]
    [
        [-0.06041666666666667, -0.10462962962962963]
        [0.060416666666666674, -0.10462962962962963]
        [0.060416666666666674, 0.10462962962962963]
        [-0.06041666666666667, 0.10462962962962963]
    ]
    [
        [-0.778125, 0.28981481481481486]
        [-0.278125, 0.28981481481481486]
        [-0.278125, 0.8453703703703703]
        [-0.778125, 0.8453703703703703]
    ]
    [
        [-0.20833333333333334, 0.28240740740740744]
        [0.21250000000000002, 0.28240740740740744]
        [0.21250000000000002, 0.8472222222222223]
        [-0.20833333333333334, 0.8472222222222223]
    ]
    [
        [0.253125, 0.28981481481481486]
        [0.753125, 0.28981481481481486]
        [0.753125, 0.8453703703703703]
        [0.253125, 0.8453703703703703]
    ]
]